ROK  MaxEx  MinEx
1979 16,175 7,051
1980 15,955 7,667
1981 15,604 7,138
1982 15,974 7,302
1983 16,006 7,395
1984 15,299 6,805
1985 15,466 6,698
1986 15,785 7,411
1987 16,050 7,279
1988 15,583 7,369
1989 15,495 7,008
1990 15,578 6,143
1991 15,249 6,473
1992 15,462 7,474
1993 15,686 6,397
1994 15,562 7,138
1995 15,226 6,080
1996 15,155 7,583
1997 15,437 6,686
1998 15,746 6,536
1999 15,309 6,117
2000 15,141 6,246
2001 15,211 6,732
2002 15,342 5,827
2003 15,193 6,116
2004 14,914 5,984
2005 14,373 5,504
2006 14,325 5,862
2007 14,513 4,267
2008 14,953 4,687
2009 14,812 5,262
2010 14,581 4,865
2011 14,363 4,561
2012 14,553 3,566
2013 14,723 5,208
2014 14,418 5,220
2015 14,401 4,616
2016 14,203 4,528
2017 14,120 4,822
2018 13,967 4,785
2019 14,394 4,364
2020 14,642 4,001
2021 14,390 4,952
2022 14,612 4,897
2023 14,176 4,371
2024 14,607 4,379
2025 14,107 3,524
2026 14,264 3,533
2027 14,150 4,555
2028 13,891 3,826
2029 13,984 3,951
2030 13,844 3,203
2031 14,019 3,564
